100
031402314 2.700000 24 20 4 9 5 
031402315 2.900000 20 20 19 16 9 
031402316 2.900000 12 12 27 14 24 
031402317 3.100000 12 4 26 3 7 
031402318 3.000000 27 24 27 22 2 
031402319 3.200000 8 5 12 2 11 
031402320 2.800000 26 19 22 5 7 
031402321 2.500000 8 9 30 27 1 
031402322 3.200000 28 8 4 11 17 
031402323 2.900000 30 10 1 25 18 
031402324 3.200000 15 3 17 1 4 
031402325 3.000000 6 6 6 6 6 6 
031402326 2.800000 6 6 6 6 6 6 
031402327 2.700000 6 6 6 6 6 6 
031402328 3.200000 6 6 6 6 6 6 
031402329 2.600000 6 6 6 6 6 6 
031402330 2.700000 6 6 6 6 6 6 
031402331 3.400000 6 6 6 6 6 6 
031402332 2.800000 6 6 6 6 6 6
031402333 3.400000 6 6 6 6 6 6
031402334 2.500000 6 6 6 6 6 6 
031402335 2.800000 23 29 5 7 9 
031402336 2.700000 14 28 22 16 12 
031402337 3.000000 1 9 1 27 12 
031402338 2.600000 16 30 3 23 22 
031402339 3.300000 13 30 17 17 27 
031402340 2.900000 9 9 8 11 22 
031402341 2.900000 23 18 19 16 24 
031402342 2.600000 10 6 19 18 18 
031402343 2.900000 16 23 24 20 28 
031402344 3.100000 28 14 19 21 23 
031402345 3.300000 25 11 25 10 27 
031402346 3.400000 2 2 10 7 15 
031402347 2.500000 14 26 2 13 1 
031402348 3.200000 23 15 27 24 28 
031402349 3.200000 7 16 2 7 8 
031402350 2.500000 14 8 30 25 27 
031402351 3.100000 6 14 10 26 8 
031402352 3.400000 1 7 25 3 24 
031402353 3.100000 19 5 16 11 3 
031402354 3.000000 16 16 8 4 5 
031402355 2.600000 18 3 15 24 18 
031402356 2.500000 14 29 10 20 8 
031402357 3.400000 19 26 2 24 30 
031402358 3.100000 27 17 23 12 16 
031402359 3.200000 25 16 29 26 5 
031402360 2.500000 26 16 23 29 12 
031402361 3.200000 7 17 8 18 16 
031402362 3.200000 17 26 24 13 11 
031402363 3.000000 12 11 21 2 8 
031402364 2.500000 26 2 15 30 3 
031402365 2.800000 23 8 18 2 27 
031402366 2.600000 15 11 8 12 6 
031402367 2.900000 19 26 21 20 29 
031402368 2.500000 21 11 21 15 4 
031402369 3.200000 4 28 10 4 16 
031402370 3.200000 30 16 5 2 2 
031402371 3.400000 8 14 13 16 1 
031402372 2.800000 28 27 3 4 9 
031402373 3.400000 18 14 16 3 9 
031402374 2.500000 12 5 27 3 7 
031402375 3.000000 19 23 13 20 4 
031402376 2.500000 30 18 26 8 16 
031402377 2.800000 14 13 20 5 2 
031402378 2.800000 6 16 18 30 25 
031402379 2.500000 20 4 6 9 3 
031402380 2.500000 3 28 17 10 21 
031402381 2.800000 8 9 17 20 16 
031402382 2.700000 11 30 6 3 20 
031402383 3.400000 24 30 6 8 17 
031402384 2.900000 4 22 15 10 30 
031402385 2.600000 1 2 27 8 29 
031402386 2.500000 25 27 24 19 18 
031402387 3.100000 16 21 20 20 21 
031402388 3.300000 30 19 23 28 15 
031402389 3.400000 6 9 13 4 25 
031402390 3.000000 5 11 28 14 1 
031402391 2.800000 2 26 28 29 21 
031402392 2.900000 23 6 21 18 5 
031402393 3.400000 10 30 20 16 1 
031402394 2.900000 19 30 24 4 26 
031402395 2.600000 29 10 2 4 14 
031402396 2.700000 8 2 12 5 17 
031402397 3.200000 15 15 22 29 29 
031402398 3.200000 6 8 30 30 9 
031402399 3.300000 13 28 9 1 18 
031402400 2.800000 20 28 12 16 15 
031402401 2.900000 6 22 25 10 29 
031402402 3.300000 8 11 17 4 1 
031402403 2.600000 23 30 6 9 18 
031402404 3.000000 30 1 10 16 5 
031402405 3.300000 27 25 26 7 26 
031402406 2.700000 1 15 22 21 16 
031402407 2.500000 29 30 4 22 17 
031402408 3.300000 11 26 9 14 19 
031402409 2.600000 26 23 4 18 10 
031402410 3.200000 14 16 24 23 15 
031402411 3.100000 11 13 30 8 7 
031402412 3.200000 15 12 16 23 9 
031402413 2.700000 7 2 5 14 3 
30