100
031402314 2.700000 22 5 6 8 4 
031402315 3.400000 15 15 24 5 25 
031402316 3.000000 5 23 1 22 16 
031402317 3.200000 23 14 23 20 10 
031402318 2.800000 21 15 30 11 24 
031402319 3.400000 29 18 25 1 13 
031402320 3.000000 23 5 18 27 25 
031402321 3.000000 26 14 23 2 9 
031402322 2.800000 28 11 8 24 17 
031402323 3.400000 13 21 24 13 9 
031402324 3.300000 3 27 2 13 27 
031402325 3.300000 29 2 2 22 3 
031402326 2.600000 3 23 12 8 4 
031402327 2.500000 1 9 12 22 9 
031402328 3.100000 8 4 21 9 27 
031402329 3.200000 15 28 25 25 12 
031402330 3.300000 7 23 23 17 3 
031402331 3.100000 20 18 25 17 24 
031402332 3.400000 3 14 3 21 3 
031402333 3.100000 15 16 14 1 26 
031402334 2.700000 18 15 27 14 14 
031402335 2.900000 1 3 8 17 4 
031402336 3.300000 8 30 28 26 5 
031402337 3.000000 21 30 7 6 25 
031402338 2.600000 19 21 7 19 6 
031402339 2.600000 2 13 6 11 29 
031402340 2.900000 19 21 12 5 7 
031402341 2.900000 11 25 4 20 2 
031402342 2.600000 11 6 23 2 4 
031402343 2.900000 24 13 19 22 3 
031402344 2.600000 7 13 21 13 10 
031402345 2.900000 13 7 14 10 13 
031402346 2.500000 14 5 21 11 2 
031402347 2.500000 20 2 18 28 29 
031402348 2.500000 9 21 30 21 20 
031402349 2.600000 15 13 1 30 6 
031402350 2.800000 2 2 19 22 27 
031402351 3.400000 17 17 11 2 9 
031402352 3.000000 28 29 19 1 6 
031402353 3.100000 13 1 16 16 2 
031402354 2.800000 26 20 6 5 28 
031402355 3.000000 23 25 11 3 26 
031402356 3.400000 18 5 5 15 18 
031402357 2.600000 9 13 7 23 29 
031402358 2.600000 15 15 15 3 26 
031402359 2.900000 11 23 15 5 2 
031402360 3.400000 10 4 30 9 30 
031402361 2.900000 2 16 22 15 16 
031402362 3.300000 25 18 14 17 26 
031402363 3.000000 10 5 14 16 28 
031402364 2.600000 30 26 22 23 26 
031402365 2.600000 8 16 29 25 28 
031402366 2.900000 25 25 6 13 28 
031402367 3.300000 25 5 2 8 21 
031402368 2.700000 25 22 5 14 28 
031402369 2.800000 9 5 23 27 15 
031402370 3.400000 6 1 9 13 1 
031402371 2.700000 12 21 30 8 11 
031402372 3.200000 2 13 12 23 20 
031402373 2.500000 9 1 11 13 8 
031402374 3.100000 5 20 12 19 25 
031402375 2.900000 30 24 7 29 6 
031402376 3.300000 7 2 9 17 3 
031402377 3.400000 19 7 17 13 22 
031402378 3.400000 5 10 14 21 16 
031402379 2.500000 21 10 12 3 17 
031402380 3.400000 25 2 20 3 13 
031402381 3.400000 28 25 4 16 26 
031402382 2.600000 20 3 29 21 14 
031402383 3.300000 15 6 20 2 25 
031402384 2.600000 10 7 21 11 28 
031402385 2.700000 16 15 5 5 1 
031402386 3.000000 5 29 20 12 16 
031402387 2.700000 17 24 29 6 24 
031402388 3.400000 28 26 3 5 2 
031402389 2.600000 28 17 5 14 2 
031402390 3.400000 6 17 19 4 23 
031402391 2.500000 26 20 15 21 15 
031402392 2.900000 29 3 23 15 8 
031402393 3.000000 27 30 15 10 26 
031402394 3.200000 11 12 8 5 15 
031402395 3.400000 3 22 24 18 4 
031402396 3.400000 1 9 18 4 27 
031402397 2.500000 30 20 28 8 13 
031402398 2.500000 30 24 23 3 26 
031402399 2.900000 5 25 29 15 25 
031402400 3.300000 29 24 16 3 5 
031402401 3.000000 29 7 20 2 11 
031402402 2.900000 26 2 9 28 27 
031402403 2.500000 1 26 22 19 20 
031402404 2.900000 27 3 20 19 5 
031402405 2.600000 22 17 9 23 16 
031402406 3.000000 8 15 22 6 20 
031402407 2.900000 29 7 10 22 27 
031402408 3.100000 24 9 25 25 4 
031402409 3.400000 23 28 23 16 11 
031402410 2.900000 25 29 10 3 27 
031402411 3.200000 23 22 26 15 19 
031402412 3.300000 19 25 21 24 27 
031402413 2.500000 19 1 5 29 5 
30