100
031402314 2.600000 20 27 12 9 18 
031402315 2.600000 24 9 27 27 1 
031402316 2.900000 16 16 6 14 9 
031402317 3.100000 28 11 9 18 9 
031402318 3.000000 16 16 22 9 29 
031402319 2.600000 12 9 8 25 12 
031402320 3.200000 7 9 30 13 23 
031402321 2.800000 22 25 9 4 22 
031402322 3.000000 3 9 29 30 19 
031402323 2.500000 12 6 19 16 4 
031402324 3.000000 9 4 8 14 5 
031402325 2.600000 3 25 4 15 12 
031402326 2.500000 24 19 10 26 30 
031402327 3.400000 5 29 25 2 26 
031402328 2.900000 12 26 26 7 6 
031402329 2.800000 24 8 13 14 16 
031402330 3.100000 28 26 10 2 2 
031402331 3.200000 25 26 6 21 17 
031402332 3.300000 18 14 24 4 21 
031402333 2.500000 13 12 10 17 5 
031402334 2.500000 11 3 22 3 20 
031402335 2.700000 1 1 10 27 25 
031402336 2.600000 15 28 24 8 8 
031402337 3.200000 17 5 21 10 16 
031402338 3.200000 5 13 18 1 5 
031402339 3.000000 22 3 5 7 9 
031402340 3.400000 15 5 29 13 19 
031402341 2.900000 24 8 15 26 12 
031402342 2.800000 18 10 7 11 29 
031402343 2.800000 6 10 27 1 2 
031402344 2.600000 26 22 4 18 28 
031402345 3.400000 21 5 23 5 3 
031402346 3.200000 4 4 9 12 25 
031402347 3.400000 19 20 23 15 15 
031402348 2.800000 25 19 5 9 25 
031402349 3.200000 10 21 18 23 10 
031402350 3.200000 1 3 11 30 24 
031402351 2.900000 20 3 8 3 6 
031402352 2.500000 18 9 2 10 26 
031402353 2.900000 17 10 14 5 19 
031402354 3.400000 14 25 23 18 15 
031402355 3.300000 1 7 17 21 12 
031402356 2.800000 14 3 14 6 18 
031402357 2.600000 29 26 24 4 27 
031402358 3.300000 5 26 8 3 10 
031402359 2.500000 13 25 1 3 5 
031402360 2.800000 26 20 1 7 4 
031402361 3.000000 5 1 11 23 30 
031402362 3.400000 4 26 26 2 24 
031402363 2.900000 17 9 27 1 15 
031402364 2.700000 29 9 30 14 16 
031402365 2.600000 1 18 20 1 30 
031402366 2.600000 12 19 18 14 4 
031402367 2.600000 2 13 29 23 6 
031402368 2.900000 20 4 19 15 27 
031402369 2.800000 22 6 14 30 14 
031402370 2.600000 14 28 5 16 14 
031402371 3.300000 1 27 26 28 23 
031402372 2.800000 24 18 26 30 2 
031402373 3.400000 24 26 11 27 24 
031402374 2.700000 29 13 9 23 7 
031402375 3.200000 7 19 10 20 10 
031402376 3.400000 19 30 9 6 19 
031402377 2.700000 27 22 28 16 3 
031402378 3.300000 2 27 16 20 2 
031402379 2.700000 28 17 4 18 29 
031402380 2.500000 29 5 1 25 6 
031402381 3.300000 12 13 21 2 8 
031402382 2.600000 2 13 21 28 21 
031402383 2.800000 12 27 26 8 14 
031402384 2.500000 16 2 22 12 27 
031402385 2.700000 18 25 1 25 6 
031402386 2.900000 6 6 18 14 14 
031402387 2.900000 9 23 4 25 24 
031402388 3.400000 3 8 14 19 21 
031402389 2.500000 22 15 23 20 9 
031402390 2.800000 27 5 6 28 23 
031402391 3.200000 27 3 7 15 17 
031402392 3.200000 27 15 13 1 8 
031402393 2.700000 18 23 16 12 25 
031402394 3.000000 6 1 22 13 19 
031402395 2.600000 12 22 25 28 2 
031402396 2.700000 6 20 21 8 23 
031402397 2.900000 13 26 12 18 10 
031402398 2.700000 16 15 27 17 2 
031402399 3.000000 13 11 21 5 26 
031402400 3.300000 17 27 29 11 16 
031402401 2.500000 12 12 19 10 3 
031402402 2.800000 27 16 16 26 9 
031402403 2.600000 13 7 29 18 30 
031402404 2.700000 2 12 5 20 22 
031402405 2.500000 3 8 1 24 19 
031402406 3.100000 27 29 9 26 13 
031402407 3.300000 6 5 2 9 19 
031402408 3.200000 23 22 11 7 3 
031402409 2.700000 1 30 21 3 14 
031402410 2.700000 12 26 18 10 12 
031402411 3.000000 10 2 23 7 23 
031402412 2.700000 23 8 21 30 1 
031402413 2.500000 5 18 22 16 7 
30