100
031402314 2.700000 17 26 14 11 16 
031402315 3.200000 8 8 28 25 13 
031402316 2.900000 1 10 21 26 5 
031402317 3.200000 22 10 15 23 1 
031402318 3.200000 28 8 6 4 18 
031402319 3.400000 6 8 13 11 16 
031402320 2.500000 4 16 20 19 17 
031402321 2.800000 27 10 18 24 12 
031402322 2.700000 15 11 27 7 6 
031402323 3.000000 1 29 9 3 22 
031402324 2.700000 16 25 16 21 1 
031402325 3.300000 22 28 17 12 26 
031402326 2.800000 3 23 26 15 5 
031402327 3.200000 17 15 21 17 1 
031402328 2.900000 30 17 29 29 13 
031402329 2.900000 27 25 17 28 26 
031402330 3.300000 8 29 19 3 30 
031402331 2.500000 3 4 7 6 7 
031402332 3.000000 13 9 15 15 12 
031402333 2.700000 13 1 30 30 8 
031402334 3.000000 7 8 10 21 30 
031402335 3.300000 7 6 2 20 20 
031402336 2.600000 14 23 11 6 25 
031402337 3.000000 12 23 12 23 5 
031402338 2.800000 26 5 23 14 24 
031402339 3.000000 10 12 10 5 21 
031402340 2.800000 22 24 21 17 3 
031402341 2.800000 28 15 2 25 16 
031402342 3.200000 1 18 16 5 9 
031402343 3.400000 6 1 27 30 28 
031402344 3.300000 19 28 22 16 9 
031402345 3.200000 20 22 13 20 29 
031402346 2.700000 18 6 22 10 17 
031402347 2.500000 10 14 5 13 1 
031402348 3.200000 13 10 25 6 3 
031402349 3.400000 9 10 25 18 15 
031402350 2.700000 5 11 7 25 1 
031402351 2.500000 13 26 29 13 12 
031402352 3.100000 14 21 25 16 10 
031402353 3.000000 1 10 2 27 27 
031402354 2.800000 13 17 8 7 14 
031402355 2.700000 29 20 18 26 9 
031402356 3.300000 12 22 1 11 4 
031402357 3.300000 11 26 30 29 20 
031402358 2.600000 27 24 24 17 2 
031402359 3.100000 7 12 21 30 13 
031402360 2.600000 8 13 25 7 22 
031402361 3.400000 4 25 16 3 1 
031402362 2.800000 15 24 13 5 20 
031402363 2.700000 5 10 22 7 28 
031402364 2.700000 18 7 7 10 8 
031402365 2.700000 25 10 9 12 5 
031402366 2.600000 25 11 13 20 13 
031402367 2.800000 21 16 29 11 12 
031402368 2.500000 5 10 5 12 16 
031402369 3.200000 27 27 19 3 28 
031402370 2.900000 24 29 7 27 21 
031402371 2.900000 16 26 23 26 1 
031402372 3.200000 13 1 17 21 8 
031402373 3.000000 22 25 2 15 2 
031402374 2.700000 30 9 19 17 1 
031402375 2.900000 20 6 8 27 1 
031402376 2.700000 21 27 19 10 30 
031402377 2.800000 27 11 18 8 10 
031402378 2.800000 21 7 8 9 30 
031402379 3.300000 10 7 18 30 25 
031402380 3.300000 30 28 22 26 2 
031402381 2.900000 11 4 9 30 17 
031402382 2.500000 15 25 4 12 16 
031402383 2.800000 22 18 12 10 8 
031402384 2.700000 29 25 12 27 21 
031402385 2.800000 8 3 3 1 20 
031402386 3.000000 30 4 3 5 6 
031402387 3.100000 15 22 5 19 23 
031402388 3.000000 4 19 5 15 19 
031402389 3.400000 27 11 30 30 7 
031402390 2.700000 10 12 21 12 18 
031402391 3.400000 10 8 17 11 23 
031402392 2.900000 25 20 11 21 28 
031402393 3.200000 5 4 24 4 28 
031402394 2.800000 14 12 2 9 8 
031402395 2.800000 28 18 10 28 29 
031402396 2.800000 27 20 14 21 15 
031402397 2.800000 6 27 6 29 3 
031402398 3.100000 28 13 5 11 14 
031402399 2.800000 24 7 2 8 3 
031402400 2.600000 4 28 13 23 16 
031402401 2.900000 15 27 16 29 4 
031402402 3.200000 12 9 23 9 17 
031402403 2.900000 19 18 8 16 2 
031402404 2.700000 22 11 25 21 8 
031402405 3.200000 20 5 13 5 30 
031402406 2.600000 12 13 11 8 5 
031402407 2.700000 25 21 19 5 14 
031402408 2.900000 3 5 12 16 23 
031402409 3.300000 19 28 13 10 19 
031402410 2.600000 15 30 13 6 25 
031402411 3.400000 2 3 4 25 15 
031402412 2.700000 27 1 5 1 9 
031402413 2.800000 1 2 1 28 10 
30