100
031402314 3.100000 12 20 25 14 4 
031402315 3.400000 20 20 22 18 4 
031402316 2.600000 17 29 23 28 21 
031402317 2.500000 30 8 7 23 17 
031402318 3.400000 16 27 24 24 4 
031402319 2.700000 27 23 11 26 13 
031402320 2.500000 10 12 29 15 14 
031402321 3.000000 20 15 16 25 12 
031402322 3.100000 4 9 11 10 20 
031402323 3.200000 7 23 21 15 14 
031402324 2.900000 30 27 27 27 4 
031402325 3.200000 29 22 28 6 8 
031402326 2.800000 28 19 3 11 28 
031402327 3.400000 12 1 2 24 24 
031402328 3.200000 25 2 20 17 21 
031402329 2.800000 21 3 11 11 20 
031402330 2.600000 30 17 22 2 27 
031402331 3.200000 27 22 22 22 16 
031402332 2.800000 12 6 17 28 21 
031402333 3.100000 17 10 21 4 9 
031402334 3.100000 27 3 24 22 27 
031402335 2.500000 18 13 19 9 2 
031402336 2.700000 21 24 30 24 22 
031402337 2.700000 6 5 3 26 2 
031402338 3.000000 20 17 29 30 19 
031402339 3.300000 9 5 19 16 22 
031402340 2.900000 27 21 25 25 16 
031402341 2.500000 3 22 4 8 16 
031402342 2.500000 13 7 22 12 7 
031402343 3.000000 3 17 6 18 13 
031402344 3.100000 27 5 2 15 19 
031402345 3.000000 25 7 14 25 14 
031402346 3.400000 29 24 22 29 1 
031402347 2.500000 6 6 21 13 22 
031402348 3.200000 28 16 1 30 5 
031402349 3.000000 30 12 12 11 2 
031402350 2.800000 6 29 10 20 12 
031402351 2.700000 25 18 30 2 7 
031402352 3.400000 29 30 27 12 3 
031402353 2.700000 20 21 25 12 22 
031402354 2.900000 8 20 19 10 11 
031402355 2.800000 22 3 6 21 22 
031402356 3.300000 23 4 11 7 29 
031402357 2.700000 6 28 9 25 16 
031402358 3.300000 28 22 4 7 16 
031402359 2.700000 18 3 15 6 8 
031402360 3.000000 8 12 19 26 21 
031402361 3.200000 8 1 9 7 13 
031402362 3.100000 14 28 9 5 3 
031402363 3.400000 5 17 25 9 4 
031402364 2.500000 17 8 21 19 6 
031402365 2.900000 25 1 10 21 23 
031402366 3.000000 12 15 18 3 17 
031402367 3.300000 3 1 13 9 10 
031402368 3.300000 25 11 4 8 19 
031402369 2.700000 14 19 30 10 5 
031402370 3.400000 13 10 17 5 20 
031402371 2.900000 15 9 3 1 3 
031402372 2.900000 19 21 8 23 16 
031402373 2.500000 8 20 19 4 7 
031402374 2.900000 13 29 2 27 28 
031402375 2.800000 6 1 19 28 28 
031402376 3.400000 1 18 14 6 18 
031402377 2.700000 25 2 26 12 21 
031402378 2.800000 17 11 10 8 21 
031402379 3.100000 29 8 21 28 4 
031402380 3.000000 26 6 27 21 14 
031402381 3.000000 7 28 14 10 5 
031402382 3.200000 16 30 29 21 13 
031402383 3.100000 12 9 9 25 9 
031402384 3.300000 13 5 22 8 1 
031402385 3.200000 20 28 9 26 7 
031402386 2.900000 24 18 28 3 20 
031402387 3.300000 28 16 3 1 4 
031402388 2.500000 20 19 21 24 30 
031402389 3.200000 2 24 15 5 21 
031402390 2.900000 11 4 28 26 30 
031402391 3.200000 12 21 18 14 4 
031402392 3.200000 28 13 27 18 3 
031402393 2.900000 27 7 27 6 17 
031402394 3.200000 7 20 16 12 26 
031402395 2.900000 19 12 10 22 13 
031402396 2.600000 22 8 7 21 11 
031402397 2.500000 23 15 6 26 5 
031402398 3.200000 9 1 13 15 24 
031402399 2.700000 25 23 22 16 5 
031402400 3.300000 6 26 9 2 19 
031402401 2.700000 4 18 5 20 14 
031402402 2.900000 23 27 1 3 19 
031402403 2.500000 12 9 6 28 23 
031402404 3.000000 5 21 17 27 23 
031402405 3.200000 26 11 26 13 4 
031402406 3.200000 30 3 6 3 26 
031402407 3.100000 18 24 24 4 24 
031402408 2.500000 26 8 1 11 19 
031402409 2.700000 28 26 12 12 12 
031402410 2.700000 3 20 8 11 24 
031402411 2.700000 17 9 25 1 20 
031402412 2.500000 17 25 6 30 2 
031402413 3.000000 2 12 23 7 30 
30