100
031402314 2.800000 19 9 22 15 8 
031402315 2.800000 16 24 5 19 11 
031402316 2.900000 10 16 27 10 16 
031402317 2.600000 4 23 10 16 25 
031402318 3.400000 27 30 18 19 22 
031402319 3.300000 5 24 28 10 4 
031402320 2.500000 5 8 12 22 27 
031402321 2.800000 19 13 16 24 17 
031402322 3.000000 15 2 2 29 19 
031402323 2.600000 9 21 27 24 23 
031402324 2.700000 12 28 23 12 4 
031402325 3.100000 4 23 16 7 30 
031402326 3.100000 10 5 6 11 24 
031402327 2.800000 16 17 1 12 2 
031402328 3.400000 21 1 12 11 23 
031402329 2.700000 10 8 22 30 6 
031402330 3.100000 14 17 28 17 26 
031402331 2.700000 3 12 15 25 1 
031402332 3.300000 26 21 1 16 13 
031402333 3.100000 15 8 6 11 12 
031402334 2.500000 29 20 24 2 4 
031402335 3.200000 12 30 3 28 23 
031402336 2.900000 4 15 15 22 4 
031402337 3.200000 7 19 30 10 29 
031402338 3.000000 9 1 27 18 22 
031402339 3.400000 26 18 18 12 6 
031402340 3.300000 10 1 7 8 10 
031402341 2.500000 16 5 21 13 24 
031402342 3.100000 3 11 30 2 4 
031402343 2.900000 2 20 6 2 3 
031402344 2.600000 17 16 22 25 3 
031402345 3.400000 19 20 3 14 8 
031402346 3.200000 6 25 2 24 3 
031402347 2.800000 26 24 9 18 4 
031402348 2.700000 27 1 3 19 21 
031402349 3.100000 18 4 10 28 5 
031402350 2.900000 29 20 27 19 15 
031402351 3.100000 30 4 13 11 29 
031402352 3.000000 22 24 4 23 18 
031402353 2.500000 16 17 10 24 30 
031402354 3.000000 7 7 1 12 29 
031402355 3.400000 10 30 29 8 10 
031402356 2.600000 18 20 2 11 21 
031402357 3.400000 24 26 2 21 17 
031402358 3.100000 12 15 3 12 25 
031402359 2.700000 23 20 3 17 26 
031402360 2.600000 13 17 10 29 19 
031402361 3.300000 29 12 22 9 8 
031402362 2.900000 11 8 4 2 2 
031402363 3.200000 5 12 11 4 30 
031402364 2.800000 27 23 8 25 30 
031402365 3.400000 12 17 17 8 11 
031402366 3.300000 2 21 27 7 17 
031402367 2.500000 16 9 6 19 3 
031402368 2.700000 8 30 15 21 5 
031402369 3.200000 9 3 24 16 29 
031402370 2.600000 21 17 17 20 28 
031402371 3.300000 19 18 11 17 6 
031402372 2.900000 25 16 8 29 2 
031402373 3.300000 26 9 1 30 7 
031402374 3.300000 4 1 2 16 27 
031402375 2.700000 30 3 2 11 17 
031402376 2.700000 18 22 19 1 9 
031402377 3.200000 30 15 9 7 7 
031402378 3.300000 8 8 21 17 14 
031402379 2.500000 17 25 13 12 13 
031402380 2.900000 22 12 20 24 14 
031402381 2.800000 17 22 14 5 27 
031402382 2.600000 28 16 23 22 19 
031402383 3.200000 4 24 16 6 3 
031402384 2.700000 19 27 28 2 1 
031402385 3.400000 12 8 10 18 9 
031402386 3.000000 11 23 22 8 11 
031402387 3.100000 10 26 20 20 2 
031402388 2.700000 25 21 10 4 30 
031402389 2.800000 13 20 24 21 30 
031402390 2.700000 19 10 8 22 21 
031402391 2.900000 21 10 15 24 30 
031402392 2.800000 12 23 4 29 3 
031402393 2.700000 12 23 24 14 2 
031402394 2.600000 9 23 3 12 30 
031402395 2.900000 5 12 5 30 25 
031402396 3.100000 29 24 8 11 5 
031402397 3.200000 27 8 27 2 27 
031402398 3.300000 9 22 14 5 23 
031402399 3.000000 11 1 17 9 10 
031402400 3.400000 14 13 19 24 2 
031402401 2.700000 2 1 28 9 16 
031402402 2.600000 21 6 27 13 22 
031402403 2.800000 30 1 17 21 12 
031402404 3.300000 8 22 18 17 8 
031402405 3.000000 12 1 29 27 16 
031402406 3.200000 10 25 11 17 19 
031402407 2.800000 26 25 17 20 25 
031402408 2.900000 6 15 24 23 10 
031402409 3.200000 11 30 1 8 30 
031402410 3.200000 20 17 25 23 29 
031402411 3.000000 1 26 1 12 22 
031402412 3.100000 9 21 11 22 8 
031402413 3.300000 8 10 8 17 20 
30