100
031402314 3.200000 4 25 28 24 16 
031402315 3.000000 19 4 7 26 12 
031402316 2.900000 17 4 25 4 8 
031402317 3.000000 10 2 19 24 16 
031402318 2.800000 15 15 6 14 11 
031402319 2.900000 11 19 6 15 16 
031402320 3.300000 13 21 3 29 19 
031402321 2.800000 24 28 2 17 26 
031402322 3.300000 7 15 6 27 9 
031402323 2.700000 29 11 10 13 4 
031402324 2.600000 14 7 13 22 16 
031402325 2.600000 14 21 11 3 9 
031402326 3.300000 25 17 4 5 30 
031402327 2.500000 5 16 2 28 12 
031402328 2.700000 1 26 21 9 6 
031402329 2.500000 27 29 20 14 25 
031402330 2.900000 28 1 19 25 24 
031402331 3.200000 13 5 23 26 21 
031402332 3.000000 7 25 9 20 27 
031402333 2.700000 28 18 4 17 23 
031402334 3.200000 18 15 23 4 23 
031402335 2.900000 11 3 12 19 25 
031402336 2.800000 19 13 11 15 30 
031402337 3.400000 26 19 11 20 28 
031402338 3.000000 15 9 13 28 3 
031402339 2.500000 5 18 12 22 22 
031402340 3.100000 25 7 13 7 13 
031402341 3.200000 9 30 27 30 20 
031402342 2.800000 30 10 25 2 13 
031402343 2.600000 1 7 8 10 3 
031402344 2.700000 7 21 4 4 30 
031402345 3.300000 28 9 18 16 24 
031402346 3.300000 14 25 20 30 2 
031402347 3.400000 12 20 28 29 25 
031402348 3.200000 30 29 3 5 1 
031402349 2.600000 25 29 1 11 7 
031402350 3.200000 19 1 2 16 6 
031402351 2.800000 4 18 23 22 5 
031402352 3.100000 20 10 28 24 17 
031402353 3.400000 29 28 2 5 12 
031402354 3.000000 12 4 7 27 3 
031402355 2.500000 18 18 20 3 26 
031402356 3.000000 3 24 23 11 7 
031402357 2.900000 15 7 21 30 7 
031402358 3.300000 8 20 20 19 9 
031402359 3.300000 8 21 23 23 16 
031402360 3.000000 13 14 29 23 14 
031402361 3.300000 11 26 29 26 13 
031402362 2.600000 10 25 1 3 5 
031402363 2.800000 24 2 22 26 15 
031402364 2.600000 5 23 7 3 29 
031402365 3.200000 27 11 19 22 22 
031402366 3.100000 14 13 8 9 22 
031402367 3.300000 29 28 1 7 10 
031402368 2.800000 4 4 9 24 15 
031402369 2.700000 1 18 1 10 13 
031402370 2.600000 7 23 18 10 5 
031402371 2.700000 12 29 12 30 16 
031402372 2.800000 9 23 25 27 30 
031402373 2.600000 4 6 5 21 25 
031402374 2.500000 19 20 19 4 17 
031402375 3.200000 25 26 5 9 6 
031402376 2.800000 13 4 3 26 27 
031402377 2.600000 17 23 27 20 27 
031402378 3.000000 27 14 30 30 9 
031402379 3.300000 19 19 19 22 19 
031402380 3.100000 10 30 25 16 21 
031402381 2.500000 22 18 11 9 3 
031402382 2.700000 2 10 20 8 10 
031402383 2.500000 3 23 14 2 8 
031402384 2.900000 23 22 8 12 23 
031402385 2.600000 30 10 2 24 4 
031402386 2.800000 6 22 20 24 6 
031402387 3.100000 29 29 28 10 25 
031402388 2.600000 18 13 25 6 4 
031402389 3.300000 25 24 9 22 23 
031402390 3.100000 7 26 29 27 24 
031402391 2.500000 8 23 8 7 20 
031402392 3.200000 12 24 8 22 1 
031402393 2.800000 21 23 18 24 17 
031402394 2.700000 21 2 24 24 19 
031402395 3.200000 20 22 13 29 25 
031402396 3.100000 5 14 15 30 24 
031402397 2.600000 14 29 12 12 1 
031402398 3.400000 24 23 10 29 9 
031402399 2.900000 9 30 23 7 1 
031402400 2.900000 7 13 4 19 15 
031402401 2.900000 16 8 22 1 21 
031402402 3.200000 2 15 25 5 2 
031402403 3.300000 10 20 19 6 14 
031402404 2.600000 3 1 12 14 8 
031402405 3.200000 27 20 14 14 3 
031402406 2.500000 13 25 22 14 5 
031402407 2.800000 24 15 20 13 26 
031402408 3.000000 6 10 19 30 30 
031402409 3.400000 2 14 14 17 18 
031402410 2.500000 27 26 10 4 17 
031402411 3.400000 15 25 15 24 1 
031402412 2.600000 29 20 22 15 15 
031402413 3.200000 25 1 8 8 28 
30