100
031402314 2.900000 8 20 10 20 14 
031402315 3.100000 14 7 20 25 4 
031402316 2.800000 20 21 21 25 30 
031402317 3.200000 11 22 1 22 14 
031402318 3.400000 1 25 19 10 8 
031402319 2.800000 25 21 20 28 5 
031402320 2.500000 24 27 14 17 15 
031402321 2.500000 12 25 19 8 24 
031402322 3.300000 6 7 5 20 12 
031402323 2.900000 25 14 29 25 3 
031402324 2.700000 28 13 10 27 4 
031402325 3.300000 3 2 26 29 19 
031402326 2.700000 30 15 2 18 26 
031402327 2.500000 15 5 28 16 6 
031402328 3.200000 26 14 12 13 4 
031402329 2.800000 24 5 26 22 24 
031402330 3.200000 15 2 30 15 21 
031402331 2.800000 13 12 8 22 29 
031402332 3.000000 26 23 29 23 22 
031402333 2.900000 9 13 23 16 20 
031402334 3.300000 1 9 18 4 19 
031402335 2.900000 9 1 24 8 25 
031402336 3.400000 4 22 24 25 9 
031402337 3.400000 3 18 18 26 9 
031402338 3.000000 19 3 6 17 1 
031402339 3.400000 15 15 25 9 5 
031402340 3.200000 7 19 21 11 22 
031402341 2.700000 16 6 7 3 15 
031402342 2.700000 8 1 6 26 24 
031402343 2.900000 11 4 15 10 21 
031402344 3.300000 15 8 27 6 28 
031402345 2.900000 15 26 30 20 10 
031402346 3.300000 17 15 1 25 26 
031402347 2.500000 5 20 25 1 27 
031402348 3.300000 20 9 20 11 5 
031402349 2.900000 13 6 28 11 29 
031402350 2.900000 21 8 19 1 24 
031402351 3.000000 9 16 1 17 16 
031402352 3.100000 6 27 18 27 22 
031402353 2.700000 5 28 22 28 5 
031402354 2.700000 29 26 15 20 25 
031402355 3.400000 3 20 25 20 24 
031402356 3.200000 27 8 12 4 28 
031402357 2.700000 19 4 30 13 15 
031402358 3.000000 1 17 23 24 16 
031402359 2.600000 16 23 12 3 18 
031402360 3.200000 14 27 11 30 15 
031402361 2.800000 12 8 11 2 6 
031402362 2.900000 1 8 30 3 15 
031402363 3.000000 1 21 7 10 14 
031402364 2.800000 1 17 16 16 28 
031402365 3.400000 12 6 6 5 8 
031402366 2.600000 26 20 6 7 26 
031402367 3.000000 15 2 29 23 11 
031402368 2.600000 19 4 5 12 9 
031402369 3.300000 17 30 13 21 5 
031402370 2.900000 2 11 2 24 22 
031402371 2.600000 5 10 3 14 12 
031402372 2.900000 20 3 17 11 8 
031402373 3.400000 19 7 8 29 20 
031402374 2.500000 10 3 21 18 19 
031402375 2.900000 9 5 21 11 30 
031402376 3.400000 20 25 17 17 19 
031402377 3.300000 11 23 19 29 29 
031402378 2.900000 11 29 1 26 18 
031402379 2.600000 6 14 28 8 30 
031402380 3.000000 1 14 22 7 23 
031402381 3.200000 8 17 29 20 6 
031402382 3.000000 2 6 11 7 22 
031402383 2.700000 5 22 18 12 23 
031402384 3.300000 14 19 26 11 10 
031402385 2.900000 18 19 18 5 4 
031402386 2.600000 10 22 24 12 27 
031402387 2.700000 26 1 4 8 8 
031402388 2.500000 7 25 28 4 6 
031402389 3.100000 13 12 8 22 8 
031402390 2.900000 9 3 24 29 18 
031402391 3.300000 23 18 3 18 28 
031402392 3.200000 27 28 27 13 2 
031402393 2.500000 24 26 14 10 18 
031402394 2.500000 23 2 8 12 29 
031402395 2.500000 7 3 14 5 16 
031402396 2.500000 1 16 3 4 29 
031402397 2.800000 7 4 11 12 27 
031402398 3.400000 8 20 25 26 10 
031402399 2.600000 28 23 27 23 16 
031402400 3.200000 1 25 4 26 13 
031402401 3.200000 1 6 15 25 1 
031402402 3.400000 9 5 5 6 5 
031402403 2.600000 29 2 27 21 10 
031402404 3.400000 13 5 1 12 21 
031402405 2.600000 5 23 3 18 4 
031402406 2.600000 16 29 8 10 6 
031402407 3.300000 23 23 21 4 5 
031402408 2.800000 20 26 7 18 24 
031402409 3.000000 24 9 1 10 21 
031402410 3.100000 20 28 24 4 14 
031402411 2.500000 6 25 28 21 6 
031402412 2.900000 23 13 18 25 19 
031402413 3.100000 7 28 14 24 20 
30