100
031402314 2.500000 12 29 29 25 10 
031402315 2.700000 26 26 20 3 21 
031402316 2.600000 19 12 23 25 6 
031402317 2.700000 10 27 12 21 11 
031402318 3.400000 6 2 29 29 5 
031402319 3.000000 19 4 7 8 22 
031402320 3.100000 11 9 12 22 20 
031402321 2.800000 25 24 29 26 22 
031402322 3.300000 15 8 29 29 19 
031402323 3.200000 30 20 5 14 29 
031402324 2.500000 25 22 21 21 23 
031402325 3.300000 15 2 20 25 25 
031402326 3.200000 30 3 6 24 22 
031402327 3.400000 10 20 25 26 23 
031402328 3.000000 13 11 20 15 12 
031402329 3.000000 19 7 2 8 22 
031402330 3.400000 4 17 23 12 16 
031402331 3.200000 10 2 4 4 8 
031402332 2.700000 23 15 25 20 6 
031402333 2.900000 6 7 24 15 28 
031402334 2.800000 2 21 26 3 14 
031402335 2.800000 24 12 2 1 14 
031402336 3.000000 2 23 4 17 12 
031402337 3.200000 1 25 26 17 25 
031402338 3.400000 6 26 26 3 30 
031402339 3.200000 23 20 25 30 16 
031402340 3.200000 6 12 12 24 10 
031402341 3.300000 1 26 4 5 13 
031402342 3.100000 27 21 25 25 26 
031402343 3.400000 24 27 16 5 25 
031402344 2.800000 29 14 10 18 21 
031402345 3.200000 14 26 28 18 23 
031402346 3.400000 11 17 15 17 8 
031402347 2.700000 19 28 22 1 18 
031402348 3.300000 26 9 24 29 2 
031402349 3.200000 15 26 24 16 2 
031402350 2.900000 1 10 24 18 12 
031402351 3.200000 3 30 24 16 9 
031402352 3.400000 7 8 22 15 10 
031402353 2.800000 10 30 29 4 27 
031402354 2.700000 2 15 6 17 20 
031402355 2.600000 1 6 19 9 8 
031402356 3.300000 29 5 12 3 11 
031402357 2.700000 17 7 25 10 19 
031402358 2.800000 2 25 19 11 8 
031402359 2.500000 22 5 21 8 30 
031402360 3.300000 17 12 10 9 9 
031402361 3.100000 4 22 20 25 12 
031402362 3.400000 9 12 23 20 29 
031402363 3.400000 23 5 14 13 14 
031402364 2.500000 18 11 28 1 11 
031402365 2.800000 14 14 4 21 13 
031402366 2.900000 7 4 11 6 2 
031402367 2.800000 15 1 19 4 21 
031402368 2.800000 23 26 11 27 2 
031402369 2.500000 28 5 19 18 27 
031402370 3.300000 26 8 11 28 30 
031402371 2.600000 29 25 16 26 2 
031402372 2.500000 1 14 19 8 13 
031402373 3.200000 10 27 6 20 11 
031402374 3.100000 21 4 20 3 5 
031402375 2.900000 22 1 5 8 22 
031402376 3.200000 12 17 3 29 2 
031402377 3.100000 12 17 26 27 4 
031402378 2.800000 6 24 9 1 10 
031402379 3.100000 1 21 13 21 19 
031402380 2.600000 9 2 7 14 6 
031402381 3.400000 17 26 13 18 3 
031402382 2.900000 24 17 25 23 13 
031402383 2.500000 22 5 24 12 2 
031402384 3.300000 1 5 11 30 17 
031402385 2.900000 5 12 28 5 22 
031402386 2.800000 26 12 26 18 17 
031402387 2.800000 17 16 25 17 6 
031402388 2.900000 28 2 25 25 3 
031402389 2.600000 29 9 5 5 4 
031402390 3.400000 22 13 22 12 4 
031402391 2.500000 15 23 30 20 11 
031402392 3.100000 26 13 19 11 27 
031402393 2.600000 2 20 17 24 22 
031402394 2.800000 10 8 27 1 1 
031402395 3.100000 11 21 27 21 20 
031402396 2.900000 1 28 9 24 21 
031402397 3.300000 4 28 6 27 16 
031402398 2.700000 11 9 26 20 20 
031402399 2.800000 5 6 20 24 5 
031402400 3.100000 27 3 5 16 18 
031402401 2.800000 15 14 20 3 2 
031402402 2.700000 11 11 9 17 18 
031402403 2.800000 22 25 23 22 12 
031402404 2.900000 29 6 3 27 20 
031402405 3.200000 8 22 27 13 3 
031402406 2.600000 29 2 9 18 24 
031402407 2.800000 16 4 30 18 20 
031402408 2.500000 17 21 5 28 1 
031402409 2.600000 24 3 3 18 28 
031402410 3.400000 5 6 16 8 29 
031402411 2.700000 27 13 17 1 11 
031402412 3.000000 6 28 23 18 2 
031402413 2.600000 2 17 20 16 16 
30