100
031402314 2.800000 9 10 23 5 26 
031402315 3.000000 28 6 18 24 29 
031402316 2.600000 30 24 24 13 2 
031402317 3.100000 14 18 8 7 22 
031402318 2.600000 1 14 26 14 22 
031402319 2.500000 29 18 20 23 8 
031402320 2.500000 6 22 22 14 2 
031402321 2.900000 27 28 19 21 22 
031402322 2.600000 28 12 21 5 15 
031402323 3.000000 19 19 27 3 17 
031402324 3.300000 5 23 11 10 18 
031402325 3.100000 25 15 12 7 5 
031402326 3.000000 12 2 16 17 9 
031402327 3.200000 19 21 5 7 30 
031402328 3.400000 18 14 23 11 14 
031402329 2.700000 26 16 24 14 28 
031402330 3.300000 20 20 30 30 6 
031402331 2.500000 15 20 18 25 21 
031402332 2.600000 3 29 23 17 4 
031402333 2.500000 21 2 8 6 9 
031402334 2.900000 25 20 26 29 13 
031402335 2.500000 18 12 28 26 8 
031402336 2.700000 16 13 13 22 26 
031402337 3.000000 29 10 1 11 21 
031402338 2.500000 25 30 7 26 20 
031402339 3.100000 20 29 18 30 10 
031402340 2.700000 25 19 30 30 29 
031402341 3.300000 9 2 14 17 23 
031402342 2.600000 12 1 28 23 21 
031402343 3.200000 12 28 19 7 4 
031402344 3.100000 2 25 19 3 28 
031402345 2.600000 5 5 27 17 24 
031402346 3.200000 24 26 19 9 23 
031402347 3.400000 30 15 9 16 5 
031402348 3.200000 18 14 5 12 23 
031402349 3.000000 7 10 7 8 30 
031402350 2.900000 15 26 15 17 19 
031402351 2.800000 17 6 4 21 4 
031402352 3.000000 17 4 25 22 24 
031402353 3.000000 7 12 2 19 25 
031402354 2.500000 13 10 17 22 1 
031402355 3.400000 18 27 24 8 3 
031402356 3.200000 15 15 20 16 3 
031402357 2.700000 7 5 29 5 29 
031402358 2.800000 16 17 5 17 16 
031402359 2.500000 8 11 13 1 1 
031402360 2.800000 18 5 15 13 28 
031402361 3.400000 4 11 10 22 15 
031402362 3.200000 30 12 5 23 3 
031402363 3.200000 5 30 1 11 14 
031402364 2.500000 5 3 28 26 7 
031402365 3.100000 30 17 5 2 15 
031402366 3.100000 23 18 20 6 11 
031402367 3.000000 10 11 7 25 28 
031402368 2.700000 12 9 6 16 25 
031402369 2.600000 12 17 16 12 27 
031402370 2.800000 3 20 25 16 17 
031402371 2.500000 16 29 3 11 12 
031402372 2.700000 19 11 25 29 18 
031402373 3.100000 11 12 30 6 18 
031402374 3.000000 29 27 1 8 22 
031402375 2.700000 3 25 1 25 25 
031402376 3.200000 29 16 5 17 22 
031402377 2.700000 8 6 16 19 15 
031402378 2.600000 24 15 3 4 7 
031402379 3.000000 9 8 29 17 8 
031402380 2.900000 21 3 15 22 11 
031402381 2.900000 3 28 26 30 23 
031402382 3.400000 7 25 16 3 15 
031402383 3.000000 5 27 3 10 10 
031402384 3.200000 8 28 16 24 16 
031402385 3.200000 2 22 29 30 6 
031402386 3.100000 9 22 15 9 8 
031402387 3.000000 1 15 26 2 15 
031402388 2.700000 6 17 8 19 2 
031402389 3.400000 17 5 2 22 13 
031402390 3.300000 20 25 19 24 21 
031402391 2.800000 15 24 23 11 10 
031402392 3.300000 28 25 26 15 22 
031402393 3.400000 2 28 22 10 15 
031402394 2.700000 5 20 15 26 3 
031402395 2.900000 20 6 15 30 10 
031402396 3.400000 11 25 21 8 23 
031402397 2.900000 5 3 30 13 17 
031402398 3.100000 19 21 8 27 17 
031402399 3.400000 26 6 5 11 5 
031402400 2.800000 25 20 27 30 20 
031402401 3.000000 19 30 17 19 20 
031402402 2.800000 20 29 23 9 28 
031402403 2.800000 1 4 28 25 6 
031402404 3.100000 24 28 28 28 12 
031402405 3.200000 1 27 30 10 16 
031402406 3.300000 30 11 5 23 20 
031402407 3.100000 2 30 5 23 23 
031402408 3.200000 1 8 21 3 27 
031402409 3.100000 13 10 6 13 1 
031402410 3.200000 27 8 18 3 9 
031402411 3.100000 29 13 21 19 14 
031402412 3.400000 25 8 3 6 17 
031402413 3.400000 28 14 5 17 10 
30