100
031402314 2.900000 2 16 27 26 4 
031402315 2.900000 21 14 8 30 3 
031402316 3.300000 11 26 27 25 30 
031402317 2.700000 23 11 15 3 25 
031402318 2.600000 30 21 12 6 29 
031402319 3.200000 28 2 18 10 28 
031402320 3.400000 20 20 5 21 1 
031402321 3.000000 8 11 1 17 7 
031402322 2.800000 16 10 6 17 7 
031402323 3.300000 10 22 26 29 8 
031402324 3.100000 13 12 3 20 19 
031402325 3.100000 29 27 15 14 17 
031402326 3.200000 4 21 19 13 1 
031402327 3.100000 18 20 22 23 13 
031402328 2.800000 28 3 24 13 24 
031402329 2.500000 3 19 18 3 16 
031402330 3.100000 30 20 19 28 15 
031402331 3.300000 5 20 12 16 20 
031402332 2.600000 4 25 25 13 12 
031402333 3.100000 1 28 6 21 14 
031402334 2.900000 26 9 7 18 17 
031402335 2.700000 6 23 10 28 18 
031402336 2.500000 18 27 29 10 17 
031402337 2.500000 25 6 20 16 17 
031402338 3.300000 1 4 3 28 9 
031402339 2.800000 24 9 24 25 14 
031402340 2.900000 23 21 15 15 23 
031402341 3.200000 22 27 4 29 9 
031402342 3.200000 27 25 19 22 2 
031402343 3.100000 2 15 9 20 8 
031402344 2.700000 2 9 15 29 18 
031402345 3.300000 19 7 29 21 25 
031402346 3.100000 25 11 25 20 5 
031402347 2.500000 13 4 16 17 29 
031402348 3.200000 22 22 19 14 24 
031402349 3.300000 19 16 10 24 4 
031402350 3.300000 19 27 3 21 23 
031402351 3.400000 21 21 9 17 23 
031402352 2.700000 17 3 8 10 23 
031402353 3.400000 28 11 2 14 27 
031402354 3.000000 2 20 9 11 8 
031402355 3.400000 11 29 27 27 24 
031402356 3.200000 2 1 8 11 5 
031402357 3.000000 11 2 8 9 11 
031402358 2.600000 10 30 6 20 21 
031402359 2.800000 11 28 30 24 20 
031402360 3.200000 24 23 13 6 22 
031402361 3.400000 5 12 19 26 18 
031402362 2.700000 23 23 15 26 26 
031402363 2.700000 4 11 16 24 1 
031402364 3.200000 20 17 25 21 16 
031402365 3.100000 28 27 23 8 14 
031402366 2.600000 30 20 27 8 11 
031402367 2.800000 14 3 26 5 27 
031402368 3.000000 25 20 16 11 12 
031402369 3.400000 8 12 30 22 10 
031402370 3.400000 28 9 13 24 29 
031402371 2.800000 10 15 28 8 7 
031402372 3.200000 7 2 10 23 3 
031402373 3.000000 27 7 15 12 26 
031402374 3.000000 24 28 7 8 30 
031402375 2.700000 18 16 13 25 17 
031402376 2.500000 4 10 15 8 29 
031402377 2.700000 7 16 3 1 18 
031402378 3.100000 11 14 27 11 15 
031402379 3.300000 25 24 28 19 22 
031402380 3.200000 14 19 5 12 25 
031402381 3.200000 6 30 24 28 4 
031402382 3.400000 18 13 14 6 2 
031402383 2.700000 10 4 3 17 2 
031402384 2.800000 15 6 18 21 18 
031402385 3.100000 3 10 22 19 4 
031402386 3.100000 26 5 24 11 18 
031402387 2.500000 4 5 16 15 14 
031402388 2.600000 24 11 27 11 1 
031402389 2.900000 30 2 10 6 30 
031402390 2.800000 27 7 20 30 15 
031402391 2.700000 19 2 20 6 28 
031402392 3.200000 10 8 10 13 17 
031402393 3.300000 27 15 21 8 10 
031402394 3.200000 9 16 27 27 2 
031402395 3.300000 11 17 17 20 5 
031402396 2.500000 15 12 24 24 19 
031402397 2.500000 23 6 2 2 24 
031402398 3.000000 23 9 3 24 10 
031402399 3.300000 30 24 22 4 30 
031402400 3.300000 6 10 9 6 12 
031402401 2.500000 13 9 1 26 1 
031402402 3.400000 28 18 20 4 23 
031402403 2.500000 10 21 14 20 25 
031402404 2.600000 16 27 22 8 14 
031402405 3.400000 9 29 29 3 25 
031402406 3.100000 4 24 29 16 23 
031402407 2.500000 20 19 17 28 7 
031402408 2.800000 10 27 13 18 30 
031402409 3.400000 22 27 6 29 8 
031402410 2.800000 14 6 24 22 14 
031402411 2.800000 5 4 29 8 1 
031402412 3.400000 18 25 2 27 11 
031402413 2.900000 22 3 14 18 29 
30